vertices
[-5,-5,-5][1,0.663333][-1,-1,-1]
[-5,5,-5][1,0.336667][-1,1,-1]
[5,5,-5][0.75,0.336667][1,1,-1]
[5,-5,-5][0.75,0.663333][1,-1,-1]
[-5,-5,5][0.25,0.663333][-1,-1,1]
[5,-5,5][0.5,0.663333][1,-1,1]
[5,5,5][0.5,0.336667][1,1,1]
[-5,5,5][0.25,0.336667][-1,1,1]
[-5,5,-5][0.251,0][-1,1,-1]
[-5,5,5][0.251,0.333333][-1,1,1]
[5,5,5][0.499,0.333333][1,1,1]
[5,5,-5][0.499,0][1,1,-1]
[-5,-5,-5][0.251,1][-1,-1,-1]
[5,-5,-5][0.499,1][1,-1,-1]
[5,-5,5][0.499,0.663333][1,-1,1]
[-5,-5,5][0.251,0.663333][-1,-1,1]
[-5,-5,5][0.249,0.666333][-1,-1,1]
[-5,5,5][0.249,0.336667][-1,1,1]
[-5,5,-5][0,0.336667][-1,1,-1]
[-5,-5,-5][0,0.666333][-1,-1,-1]
[5,-5,-5][0.75,0.663333][1,-1,-1]
[5,5,-5][0.75,0.336667][1,1,-1]
[5,5,5][0.5,0.336667][1,1,1]
[5,-5,5][0.5,0.663333][1,-1,1]
indices
2
1
0
3
2
0
6
5
4
7
6
4
10
9
8
11
10
8
14
13
12
15
14
12
18
17
16
19
18
16
22
21
20
23
22
20
